# U-Net baseline, validation on internal_val (n=257).
# Supersedes the published run, which used --validation 0 and
# therefore computed validation metrics on the training set.
epoch	lr	train_dice	train_mIoU	train_precision	train_recall	train_fpr	val_dice	val_mIoU	val_precision	val_recall	val_fpr
1	0.000500	0.0928	0.0506	0.3943	0.0579	0.0030	0.0943	0.0513	0.4707	0.0551	0.0021
2	0.000500						0.2453	0.1571	0.7125	0.1663	0.0019
3	0.000500						0.3522	0.2361	0.4890	0.3232	0.0133
4	0.000500						0.0743	0.0446	0.5335	0.0448	0.0003
5	0.000500						0.4717	0.3262	0.5502	0.5221	0.0223
6	0.000500						0.5094	0.3613	0.5016	0.6494	0.0302
7	0.000500						0.2474	0.1479	0.1744	0.6762	0.1738
8	0.000500						0.1687	0.1019	0.6449	0.1074	0.0014
9	0.000500						0.0000	0.0000	0.0000	0.0000	0.0000
10	0.000500	0.1673	0.1015	0.5846	0.1122	0.0018	0.1219	0.0710	0.6074	0.0746	0.0012
11	0.000500						0.0316	0.0179	0.4335	0.0180	0.0001
12	0.000500						0.0000	0.0000	0.0000	0.0000	0.0000
13	0.000500						0.0000	0.0000	0.0000	0.0000	0.0000
14	0.000500						0.0000	0.0000	0.0000	0.0000	0.0000
15	0.000500						0.0429	0.0235	0.1824	0.0269	0.0053
16	0.000500						0.1390	0.0768	0.0769	0.9997	0.6367
17	0.000500						0.2852	0.1768	0.1791	0.9878	0.2549
18	0.000500						0.2507	0.1515	0.1518	0.9988	0.3051
19	0.000500						0.0000	0.0000	0.0000	0.0000	0.0000
20	0.000500	0.0864	0.0462	0.0462	1.0000	0.9746	0.0953	0.0510	0.0510	1.0000	0.9767
21	0.000500						0.0428	0.0248	0.3188	0.0257	0.0005
22	0.000500						0.0723	0.0407	0.4754	0.0413	0.0004
23	0.000500						0.1357	0.0748	0.0749	0.9980	0.6519
24	0.000500						0.0000	0.0000	0.0000	0.0000	0.0000
25	0.000500						0.0000	0.0000	0.0000	0.0000	0.0000
26	0.000500						0.3078	0.1949	0.2245	0.6625	0.1269
27	0.000050						0.4421	0.3008	0.4061	0.6797	0.0556
28	0.000050						0.2626	0.1603	0.1612	0.9954	0.2896
29	0.000050						0.4743	0.3393	0.6401	0.4586	0.0119
30	0.000050	0.3279	0.2123	0.2227	0.9415	0.1638	0.3471	0.2250	0.2346	0.9480	0.1790
31	0.000050						0.3444	0.2280	0.7495	0.2496	0.0023
32	0.000050						0.3327	0.2213	0.7895	0.2386	0.0023
33	0.000050						0.0122	0.0068	0.2045	0.0068	0.0000
34	0.000050						0.4907	0.3496	0.3806	0.8767	0.0790
35	0.000050						0.0010	0.0005	0.0928	0.0005	0.0000
36	0.000050						0.6041	0.4554	0.6376	0.6746	0.0192
37	0.000050						0.3762	0.2488	0.2569	0.9699	0.1607
38	0.000050						0.1247	0.0682	0.0682	0.9997	0.7230
39	0.000050						0.0072	0.0039	0.1849	0.0039	0.0000
40	0.000050	0.3120	0.2182	0.5702	0.2801	0.0066	0.1711	0.1131	0.5743	0.1351	0.0040
41	0.000050						0.5064	0.3683	0.7543	0.4459	0.0074
42	0.000050						0.1409	0.0780	0.0780	0.9985	0.6209
43	0.000050						0.3416	0.2204	0.2228	0.9896	0.1946
44	0.000050						0.4429	0.3006	0.3177	0.9134	0.1028
45	0.000050						0.3224	0.2029	0.2057	0.9782	0.2005
46	0.000050						0.4495	0.3112	0.3340	0.9388	0.1093
47	0.000050						0.3151	0.2138	0.8011	0.2292	0.0020
48	0.000050						0.5519	0.4165	0.5490	0.6983	0.0336
49	0.000050						0.0940	0.0571	0.6199	0.0575	0.0003
50	0.000050	0.5112	0.3836	0.7045	0.4876	0.0087	0.4407	0.3196	0.7655	0.3721	0.0056
51	0.000050						0.2561	0.1555	0.1558	0.9977	0.2964
52	0.000050						0.2173	0.1392	0.7614	0.1407	0.0006
53	0.000050						0.5362	0.3894	0.4182	0.9127	0.0685
54	0.000050						0.2802	0.1888	0.7968	0.1945	0.0007
55	0.000050						0.5951	0.4620	0.6675	0.6719	0.0159
56	0.000050						0.3876	0.2582	0.2630	0.9719	0.1533
57	0.000005						0.5487	0.4050	0.7986	0.4718	0.0057
58	0.000005						0.1252	0.0791	0.6971	0.0803	0.0003
59	0.000005						0.5573	0.4132	0.4355	0.9443	0.0674
60	0.000005	0.5000	0.3717	0.7910	0.4228	0.0036	0.4575	0.3389	0.8490	0.3685	0.0024
61	0.000005						0.4150	0.2816	0.2866	0.9855	0.1366
62	0.000005						0.6342	0.4878	0.5512	0.8773	0.0370
63	0.000005						0.4666	0.3458	0.8666	0.3744	0.0024
64	0.000005						0.5437	0.4101	0.8204	0.4746	0.0048
65	0.000005						0.6211	0.4835	0.7819	0.5894	0.0083
66	0.000005						0.6458	0.5012	0.5756	0.8596	0.0332
67	0.000005						0.3478	0.2447	0.8377	0.2584	0.0015
68	0.000005						0.6542	0.5116	0.6071	0.8225	0.0283
69	0.000005						0.3361	0.2162	0.2190	0.9887	0.2024
70	0.000005	0.4823	0.3554	0.8232	0.3867	0.0024	0.4234	0.3072	0.8698	0.3237	0.0017
71	0.000005						0.2254	0.1491	0.7757	0.1502	0.0004
72	0.000005						0.6770	0.5366	0.7179	0.7323	0.0145
73	0.000005						0.6442	0.5098	0.7837	0.6301	0.0089
74	0.000005						0.2617	0.1791	0.7901	0.1828	0.0005
75	0.000005						0.2812	0.1940	0.8111	0.2014	0.0008
76	0.000005						0.3797	0.2746	0.8415	0.2884	0.0012
77	0.000005						0.6815	0.5441	0.7234	0.7331	0.0143
78	0.000005						0.4695	0.3485	0.8800	0.3701	0.0019
79	0.000005						0.5943	0.4630	0.8439	0.5296	0.0047
80	0.000005	0.3023	0.1924	0.1947	0.9886	0.2035	0.3252	0.2073	0.2091	0.9924	0.2124
81	0.000005						0.6562	0.5119	0.5849	0.8634	0.0315
82	0.000005						0.4067	0.2997	0.8400	0.3126	0.0012
83	0.000005						0.6536	0.5203	0.7576	0.6618	0.0104
84	0.000005						0.5871	0.4500	0.8207	0.5104	0.0051
85	0.000005						0.1296	0.0811	0.7481	0.0815	0.0003
86	0.000005						0.6305	0.4980	0.7989	0.5990	0.0074
87	0.000005						0.6326	0.4908	0.5398	0.8977	0.0416
88	0.000005						0.5480	0.4181	0.8757	0.4579	0.0032
89	0.000005						0.5551	0.4300	0.8728	0.4726	0.0033
90	0.000005	0.3169	0.2190	0.8249	0.2241	0.0006	0.2920	0.2036	0.8204	0.2073	0.0005
91	0.000005						0.6821	0.5468	0.6872	0.7758	0.0189
92	0.000005						0.4262	0.3152	0.8747	0.3346	0.0016
93	0.000005						0.6800	0.5450	0.7260	0.7375	0.0143
94	0.000005						0.6159	0.4706	0.5172	0.9089	0.0451
95	0.000005						0.6242	0.4868	0.8147	0.5721	0.0062
96	0.000005						0.4241	0.3114	0.8792	0.3237	0.0012
97	0.000005						0.5133	0.3881	0.8507	0.4295	0.0036
98	0.000005						0.4859	0.3617	0.8904	0.3824	0.0020
99	0.000005						0.5684	0.4369	0.8628	0.4796	0.0034
100	0.000005	0.2909	0.1996	0.8012	0.2041	0.0006	0.2635	0.1819	0.8250	0.1844	0.0004
101	0.000005						0.6448	0.5138	0.8010	0.6229	0.0078
102	0.000005						0.6333	0.5032	0.8090	0.6001	0.0068
103	0.000005						0.6601	0.5268	0.7892	0.6460	0.0088
104	0.000005						0.4379	0.3256	0.8420	0.3416	0.0015
105	0.000005						0.6692	0.5323	0.7476	0.6835	0.0112
106	0.000005						0.6614	0.5208	0.5952	0.8623	0.0307
107	0.000005						0.6786	0.5423	0.6848	0.7750	0.0187
108	0.000005						0.5851	0.4555	0.8677	0.5051	0.0035
109	0.000005						0.3361	0.2410	0.8398	0.2482	0.0006
110	0.000005	0.5878	0.4561	0.7984	0.5289	0.0049	0.5414	0.4145	0.8732	0.4504	0.0031
111	0.000005						0.5304	0.4035	0.8707	0.4331	0.0024
112	0.000001						0.3344	0.2143	0.2159	0.9872	0.1977
113	0.000001						0.3931	0.2877	0.8510	0.2986	0.0011
114	0.000001						0.6924	0.5548	0.6734	0.8038	0.0197
115	0.000001						0.6473	0.5148	0.8127	0.6099	0.0072
116	0.000001						0.6411	0.5125	0.8556	0.5834	0.0050
117	0.000001						0.5579	0.4320	0.8771	0.4724	0.0029
118	0.000001						0.5805	0.4533	0.8723	0.5002	0.0033
119	0.000001						0.5324	0.4076	0.8965	0.4335	0.0021
120	0.000001	0.6461	0.5094	0.6022	0.8324	0.0243	0.6990	0.5633	0.6916	0.7926	0.0179
121	0.000001						0.6786	0.5498	0.8186	0.6561	0.0073
122	0.000001						0.6418	0.5119	0.8371	0.5905	0.0056
123	0.000001						0.4952	0.3735	0.8917	0.4006	0.0021
124	0.000001						0.5962	0.4711	0.8807	0.5153	0.0031
125	0.000001						0.3070	0.2163	0.8476	0.2225	0.0006
126	0.000001						0.6497	0.5154	0.7959	0.6189	0.0074
127	0.000001						0.6962	0.5608	0.6627	0.8308	0.0220
128	0.000001						0.6461	0.5188	0.8450	0.5967	0.0051
129	0.000001						0.5687	0.4442	0.8891	0.4837	0.0028
130	0.000001	0.5469	0.4202	0.8338	0.4653	0.0027	0.4957	0.3757	0.9008	0.3991	0.0018
131	0.000001						0.6067	0.4815	0.8739	0.5332	0.0034
132	0.000001						0.4678	0.3501	0.9022	0.3697	0.0016
133	0.000001						0.7151	0.5803	0.7183	0.7886	0.0150
134	0.000001						0.6621	0.5213	0.5739	0.9008	0.0348
135	0.000001						0.4216	0.3121	0.8826	0.3255	0.0011
136	0.000001						0.7054	0.5700	0.7019	0.7902	0.0166
137	0.000001						0.6735	0.5441	0.8313	0.6357	0.0060
138	0.000001						0.6172	0.4909	0.8300	0.5741	0.0058
139	0.000001						0.4496	0.3135	0.3186	0.9826	0.1182
140	0.000001	0.5445	0.4176	0.8377	0.4610	0.0025	0.5005	0.3793	0.9013	0.4019	0.0017
141	0.000001						0.7038	0.5723	0.7735	0.7151	0.0103
142	0.000001						0.6822	0.5496	0.8255	0.6446	0.0064
143	0.000001						0.6111	0.4849	0.8709	0.5388	0.0037
144	0.000001						0.6553	0.5310	0.8436	0.6120	0.0051
145	0.000001						0.6676	0.5399	0.8208	0.6399	0.0068
146	0.000001						0.7047	0.5724	0.7689	0.7365	0.0109
147	0.000001						0.6028	0.4778	0.8833	0.5259	0.0033
148	0.000001						0.5650	0.4418	0.8891	0.4791	0.0026
149	0.000001						0.6464	0.5064	0.5461	0.9239	0.0408
150	0.000001	0.6503	0.5209	0.7783	0.6341	0.0066	0.6477	0.5176	0.8594	0.5844	0.0046
151	0.000001						0.6516	0.5247	0.8485	0.5987	0.0050
152	0.000001						0.7002	0.5698	0.7277	0.7626	0.0143
153	0.000001						0.6469	0.5200	0.8464	0.5953	0.0050
154	0.000001						0.6923	0.5625	0.7944	0.6871	0.0087
155	0.000001						0.6504	0.5113	0.7868	0.6280	0.0083
156	0.000001						0.7177	0.5866	0.7129	0.8059	0.0167
157	0.000001						0.7180	0.5882	0.7687	0.7497	0.0110
158	0.000001						0.6185	0.4979	0.8643	0.5574	0.0038
159	0.000001						0.7067	0.5760	0.7433	0.7518	0.0127
160	0.000001	0.6697	0.5406	0.7546	0.6900	0.0088	0.6960	0.5664	0.8350	0.6609	0.0062
161	0.000001						0.7021	0.5674	0.6498	0.8608	0.0238
162	0.000001						0.6362	0.5105	0.8662	0.5686	0.0038
163	0.000001						0.7069	0.5772	0.7409	0.7592	0.0135
164	0.000001						0.7067	0.5766	0.7441	0.7542	0.0129
165	0.000001						0.6747	0.5409	0.8096	0.6456	0.0069
166	0.000001						0.6716	0.5322	0.5953	0.8944	0.0314
167	0.000001						0.5929	0.4649	0.8843	0.5041	0.0029
168	0.000001						0.6789	0.5502	0.8429	0.6349	0.0054
169	0.000001						0.6658	0.5387	0.8478	0.6205	0.0050
170	0.000001	0.6652	0.5367	0.7472	0.6912	0.0092	0.6658	0.5364	0.8247	0.6297	0.0063
171	0.000001						0.6449	0.5051	0.5377	0.9381	0.0426
172	0.000001						0.5882	0.4603	0.8879	0.4989	0.0027
173	0.000001						0.7057	0.5749	0.7284	0.7640	0.0138
174	0.000001						0.4861	0.3660	0.9044	0.3881	0.0017
175	0.000001						0.7187	0.5856	0.6877	0.8442	0.0191
176	0.000001						0.7253	0.5933	0.7006	0.8346	0.0177
177	0.000001						0.6202	0.4931	0.8818	0.5407	0.0031
178	0.000001						0.6666	0.5360	0.8252	0.6276	0.0061
179	0.000001						0.6891	0.5540	0.6496	0.8537	0.0238
180	0.000001	0.6641	0.5357	0.7368	0.7003	0.0097	0.6933	0.5670	0.8226	0.6764	0.0070
181	0.000001						0.7174	0.5843	0.6901	0.8347	0.0185
182	0.000001						0.6935	0.5582	0.6218	0.8893	0.0281
183	0.000001						0.6764	0.5510	0.8364	0.6407	0.0059
184	0.000001						0.5738	0.4472	0.8798	0.4873	0.0029
185	0.000001						0.6869	0.5518	0.6109	0.8947	0.0298
186	0.000001						0.6677	0.5392	0.8625	0.6068	0.0042
187	0.000001						0.7051	0.5777	0.8126	0.6985	0.0079
188	0.000001						0.6975	0.5714	0.8091	0.6924	0.0075
189	0.000001						0.6177	0.4938	0.8808	0.5403	0.0030
190	0.000001	0.6217	0.4951	0.8229	0.5684	0.0040	0.6005	0.4714	0.8820	0.5151	0.0030
191	0.000001						0.7253	0.5930	0.6959	0.8478	0.0182
192	0.000001						0.6604	0.5222	0.5537	0.9397	0.0392
193	0.000001						0.7186	0.5895	0.7357	0.7840	0.0138
194	0.000001						0.7230	0.5923	0.7314	0.8035	0.0146
195	0.000001						0.6545	0.5290	0.8612	0.5965	0.0043
196	0.000001						0.6807	0.5526	0.8470	0.6308	0.0052
197	0.000001						0.3544	0.2586	0.8631	0.2668	0.0007
198	0.000001						0.4327	0.3202	0.8936	0.3380	0.0014
199	0.000001						0.6229	0.4938	0.8594	0.5561	0.0040
200	0.000001	0.6549	0.5240	0.7055	0.7248	0.0119	0.7144	0.5895	0.7867	0.7424	0.0098
201	0.000001						0.7259	0.5971	0.7496	0.7855	0.0128
202	0.000001						0.7094	0.5771	0.7756	0.7248	0.0095
203	0.000001						0.6157	0.4960	0.8760	0.5503	0.0035
204	0.000001						0.7033	0.5768	0.7765	0.7386	0.0105
205	0.000001						0.4606	0.3466	0.8950	0.3616	0.0012
206	0.000001						0.4072	0.2983	0.8896	0.3125	0.0012
207	0.000001						0.6224	0.4934	0.8683	0.5480	0.0036
208	0.000001						0.6446	0.5231	0.8724	0.5846	0.0039
209	0.000001						0.5824	0.4559	0.8762	0.5002	0.0030
210	0.000001	0.6477	0.5143	0.6680	0.7583	0.0150	0.7117	0.5836	0.7513	0.7775	0.0127
211	0.000001						0.7135	0.5822	0.7080	0.8039	0.0162
212	0.000001						0.7293	0.6003	0.7306	0.8096	0.0146
213	0.000001						0.7243	0.5961	0.6987	0.8449	0.0187
214	0.000001						0.6634	0.5383	0.8382	0.6279	0.0056
215	0.000001						0.7206	0.5922	0.7202	0.8070	0.0159
216	0.000001						0.6584	0.5319	0.8692	0.5947	0.0039
217	0.000001						0.6927	0.5647	0.8505	0.6461	0.0051
218	0.000001						0.4268	0.3166	0.9050	0.3341	0.0013
219	0.000001						0.5960	0.4589	0.4781	0.9550	0.0582
220	0.000001	0.6419	0.5072	0.5815	0.8689	0.0278	0.7155	0.5845	0.6684	0.8654	0.0218
221	0.000001						0.6378	0.5127	0.8587	0.5777	0.0042
222	0.000001						0.6277	0.5061	0.8574	0.5697	0.0040
223	0.000001						0.7382	0.6104	0.7489	0.8045	0.0130
224	0.000001						0.6855	0.5602	0.8428	0.6488	0.0056
225	0.000001						0.6761	0.5535	0.8361	0.6445	0.0056
226	0.000001						0.7291	0.6024	0.7784	0.7561	0.0105
227	0.000001						0.6980	0.5688	0.7974	0.6922	0.0081
228	0.000001						0.6745	0.5518	0.8520	0.6308	0.0052
229	0.000001						0.7272	0.6000	0.7585	0.7741	0.0121
230	0.000001	0.5171	0.3823	0.4033	0.9438	0.0683	0.6016	0.4623	0.4887	0.9380	0.0548
231	0.000001						0.6460	0.5208	0.8758	0.5785	0.0037
232	0.000001						0.5826	0.4600	0.8850	0.4965	0.0024
233	0.000001						0.7186	0.5895	0.7676	0.7601	0.0110
234	0.000001						0.7126	0.5852	0.8203	0.6955	0.0073
235	0.000001						0.6215	0.5029	0.8653	0.5609	0.0036
236	0.000001						0.7124	0.5854	0.8055	0.7109	0.0079
237	0.000001						0.5961	0.4566	0.4741	0.9615	0.0581
238	0.000001						0.7165	0.5837	0.6810	0.8510	0.0196
239	0.000001						0.7194	0.5925	0.7408	0.7831	0.0139
240	0.000001	0.6699	0.5427	0.7570	0.6958	0.0084	0.7083	0.5823	0.8328	0.6812	0.0062
241	0.000001						0.6653	0.5399	0.8656	0.6112	0.0042
242	0.000001						0.6626	0.5386	0.8459	0.6208	0.0053
243	0.000001						0.6489	0.5251	0.8453	0.5988	0.0050
244	0.000001						0.7040	0.5767	0.8311	0.6753	0.0062
245	0.000001						0.6317	0.5098	0.8762	0.5637	0.0033
246	0.000001						0.6540	0.5268	0.8580	0.5951	0.0043
247	0.000001						0.4544	0.3380	0.9009	0.3517	0.0012
248	0.000001						0.3927	0.2891	0.8696	0.3031	0.0012
249	0.000001						0.6912	0.5648	0.7541	0.7304	0.0119
250	0.000001	0.5565	0.4367	0.8379	0.4809	0.0023	0.5415	0.4232	0.8898	0.4496	0.0019
251	0.000001						0.7081	0.5773	0.6622	0.8579	0.0226
252	0.000001						0.7079	0.5767	0.6610	0.8603	0.0229
253	0.000001						0.6830	0.5548	0.8044	0.6668	0.0076
254	0.000001						0.7039	0.5785	0.7954	0.7189	0.0091
255	0.000001						0.6991	0.5661	0.6268	0.9002	0.0274
256	0.000001						0.7250	0.6000	0.7633	0.7729	0.0121
257	0.000001						0.6620	0.5422	0.8465	0.6239	0.0050
258	0.000001						0.6943	0.5699	0.8024	0.6879	0.0080
259	0.000001						0.6321	0.5121	0.8635	0.5710	0.0036
260	0.000001	0.6287	0.5070	0.7814	0.6159	0.0061	0.6295	0.5106	0.8559	0.5801	0.0043
261	0.000001						0.6939	0.5669	0.8396	0.6585	0.0056
262	0.000001						0.7094	0.5837	0.8171	0.7009	0.0070
263	0.000001						0.5353	0.4161	0.8843	0.4479	0.0022
264	0.000001						0.6599	0.5355	0.8478	0.6108	0.0048
265	0.000001						0.7184	0.5889	0.7602	0.7539	0.0108
266	0.000001						0.7013	0.5766	0.7882	0.7174	0.0092
267	0.000001						0.6145	0.4874	0.8671	0.5404	0.0035
268	0.000001						0.6888	0.5630	0.8097	0.6728	0.0074
269	0.000001						0.7052	0.5756	0.6786	0.8475	0.0205
270	0.000001	0.6564	0.5229	0.6058	0.8580	0.0241	0.7206	0.5902	0.6830	0.8514	0.0195
271	0.000001						0.4687	0.3564	0.8822	0.3679	0.0010
272	0.000001						0.4889	0.3776	0.8831	0.3942	0.0011
273	0.000001						0.7187	0.5942	0.8072	0.7291	0.0082
274	0.000001						0.6744	0.5514	0.8516	0.6345	0.0050
275	0.000001						0.3940	0.2909	0.8779	0.3000	0.0007
276	0.000001						0.7156	0.5866	0.6823	0.8518	0.0202
277	0.000001						0.5016	0.3888	0.8817	0.4151	0.0018
278	0.000001						0.5391	0.4229	0.8564	0.4600	0.0028
279	0.000001						0.7084	0.5849	0.8143	0.7034	0.0077
280	0.000001	0.6793	0.5530	0.7412	0.7287	0.0102	0.7022	0.5777	0.8138	0.6902	0.0074
281	0.000001						0.7250	0.5986	0.7411	0.7928	0.0135
282	0.000001						0.6931	0.5668	0.8263	0.6708	0.0065
283	0.000001						0.6632	0.5433	0.8592	0.6164	0.0044
284	0.000001						0.7215	0.5972	0.7703	0.7555	0.0115
285	0.000001						0.7078	0.5846	0.7971	0.7214	0.0091
286	0.000001						0.7151	0.5894	0.7125	0.8179	0.0171
287	0.000001						0.6251	0.5037	0.8819	0.5516	0.0029
288	0.000001						0.7255	0.5983	0.7361	0.7950	0.0140
289	0.000001						0.5805	0.4596	0.8835	0.5009	0.0028
290	0.000001	0.6538	0.5307	0.7798	0.6516	0.0066	0.6334	0.5075	0.8552	0.5764	0.0045
291	0.000001						0.5961	0.4782	0.8804	0.5199	0.0027
292	0.000001						0.6497	0.5201	0.8532	0.5850	0.0044
293	0.000001						0.5975	0.4780	0.8896	0.5156	0.0024
294	0.000001						0.6937	0.5719	0.8502	0.6599	0.0053
295	0.000001						0.7144	0.5888	0.7411	0.7865	0.0139
296	0.000001						0.7057	0.5801	0.7931	0.7104	0.0088
297	0.000001						0.7093	0.5836	0.7811	0.7240	0.0096
298	0.000001						0.7163	0.5881	0.6894	0.8421	0.0192
299	0.000001						0.7460	0.6208	0.7768	0.7889	0.0106
300	0.000001	0.6366	0.5147	0.7788	0.6345	0.0064	0.6556	0.5374	0.8530	0.6147	0.0047
301	0.000001						0.6536	0.5318	0.8426	0.6096	0.0054
302	0.000001						0.7031	0.5779	0.7036	0.8054	0.0183
303	0.000001						0.7153	0.5895	0.7674	0.7472	0.0110
304	0.000001						0.6806	0.5616	0.8191	0.6765	0.0069
305	0.000001						0.5841	0.4609	0.8832	0.4934	0.0023
306	0.000001						0.7062	0.5781	0.6850	0.8264	0.0201
307	0.000001						0.5663	0.4466	0.8830	0.4840	0.0027
308	0.000001						0.7345	0.6102	0.7739	0.7733	0.0108
309	0.000001						0.7111	0.5804	0.6646	0.8624	0.0219
310	0.000001	0.6615	0.5392	0.7655	0.6804	0.0082	0.6673	0.5449	0.8356	0.6328	0.0059
311	0.000001						0.7116	0.5794	0.6678	0.8581	0.0213
312	0.000001						0.6476	0.5214	0.8443	0.5968	0.0046
313	0.000001						0.6459	0.5207	0.8520	0.5908	0.0051
314	0.000001						0.6655	0.5470	0.8419	0.6361	0.0053
315	0.000001						0.5611	0.4344	0.8863	0.4669	0.0025
316	0.000001						0.5866	0.4670	0.8695	0.5135	0.0032
317	0.000001						0.5863	0.4641	0.8936	0.4998	0.0024
318	0.000001						0.7231	0.5962	0.7993	0.7304	0.0083
319	0.000001						0.5695	0.4458	0.8890	0.4797	0.0024
320	0.000001	0.6716	0.5427	0.6669	0.8057	0.0172	0.7278	0.6023	0.7543	0.7830	0.0126
321	0.000001						0.6342	0.5110	0.8597	0.5745	0.0042
322	0.000001						0.6200	0.5023	0.8775	0.5452	0.0026
323	0.000001						0.7095	0.5843	0.7495	0.7578	0.0129
324	0.000001						0.6912	0.5687	0.8502	0.6552	0.0053
325	0.000001						0.6699	0.5455	0.8567	0.6159	0.0045
326	0.000001						0.7211	0.5958	0.7668	0.7660	0.0113
327	0.000001						0.6916	0.5560	0.6341	0.8754	0.0256
328	0.000001						0.6646	0.5430	0.8261	0.6373	0.0064
329	0.000001						0.6630	0.5418	0.8726	0.6029	0.0036
330	0.000001	0.5764	0.4569	0.8589	0.5003	0.0022	0.5599	0.4389	0.8996	0.4627	0.0018
331	0.000001						0.7123	0.5865	0.7187	0.7980	0.0160
332	0.000001						0.6993	0.5724	0.7772	0.7126	0.0097
333	0.000001						0.6900	0.5589	0.6219	0.8872	0.0283
334	0.000001						0.5648	0.4533	0.8745	0.4855	0.0021
335	0.000001						0.6850	0.5625	0.8485	0.6450	0.0052
336	0.000001						0.6219	0.4988	0.8773	0.5434	0.0030
337	0.000001						0.7217	0.5960	0.7541	0.7732	0.0124
338	0.000001						0.7194	0.5925	0.7152	0.8072	0.0160
339	0.000001						0.5659	0.4438	0.8981	0.4783	0.0022
340	0.000001	0.6154	0.4928	0.8152	0.5778	0.0043	0.6570	0.5371	0.8700	0.5979	0.0036
341	0.000001						0.6202	0.4990	0.8776	0.5462	0.0031
342	0.000001						0.6415	0.5225	0.8735	0.5843	0.0039
343	0.000001						0.7211	0.5918	0.7014	0.8387	0.0175
344	0.000001						0.6467	0.5228	0.8515	0.5930	0.0050
345	0.000001						0.6577	0.5339	0.8154	0.6314	0.0070
346	0.000001						0.7119	0.5890	0.8191	0.7062	0.0074
347	0.000001						0.7149	0.5893	0.7446	0.7803	0.0132
348	0.000001						0.5259	0.4032	0.9009	0.4267	0.0017
349	0.000001						0.7125	0.5861	0.7327	0.7882	0.0145
350	0.000001	0.6723	0.5481	0.7595	0.7037	0.0088	0.6892	0.5636	0.8263	0.6593	0.0063
# BEST epoch=299 val_dice=0.7460
